%YAML:1.0
---
cameraMatrix: !!opencv-matrix
   rows: 3
   cols: 3
   dt: d
   data: [ 2.3680935721682949e+03, 0., 7.1104259023419570e+02, 0.,
       2.3666665722261782e+03, 5.5369166843459323e+02, 0., 0., 1. ]
distCoeffs: !!opencv-matrix
   rows: 5
   cols: 1
   dt: d
   data: [ -6.9349314978193285e-02, 3.7875466270472652e-01,
       1.5554272937172936e-03, 1.6670107332840251e-03,
       -8.8412584912199677e-01 ]
