%YAML:1.0
---
cameraMatrix: !!opencv-matrix
   rows: 3
   cols: 3
   dt: d
   data: [ 1.0019649851826003e+03, 0., 7.2619286612013241e+02, 0.,
       1.0024713012847552e+03, 5.6820625789088854e+02, 0., 0., 1. ]
distCoeffs: !!opencv-matrix
   rows: 5
   cols: 1
   dt: d
   data: [ -1.7667174206727773e-01, 1.7495877873628257e-01,
       -3.4756898825407072e-05, -3.2476116513660097e-04,
       -1.1907034734574720e-01 ]
